 Condition
 CFL     =  0.400000000000000     
 MUSCL   =   1.00000000000000     
 ORDER   =  0.333333333333333     
 OUTPUT  =        5000
